464
208
219
179
349
387
42
52
291
135
40
480
392
346
212
493
472
428
397
464
196
156
160
110
442
246
14
257
174
317
93
19
189
101
2
361
195
233
205
237
318
476
410
121
133
462
155
225
293
411
60
45
261
42
349
429
468
343
406
320
148
397
149
117
224
420
97
120
392
185
60
482
148
473
76
21
108
444
9
73
138
227
199
76
403
377
493
417
17
232
370
434
201
45
425
421
8
178
167
91
325
433
254
293
120
35
420
363
90
311
78
137
398
188
147
28
92
475
290
349
248
280
97
185
371
169
129
397
26
300
291
110
247
381
141
465
44
227
242
361
481
282
310
121
482
26
323
276
443
231
133
488
309
256
14
